{
 "cells": [
  {
   "cell_type": "code",
   "execution_count": 22,
   "metadata": {},
   "outputs": [],
   "source": [
    "# import lib\n",
    "import numpy as np\n",
    "from numpy.random import rand\n",
    "import matplotlib as plt\n",
    "from sklearn.preprocessing import OneHotEncoder"
   ]
  },
  {
   "cell_type": "code",
   "execution_count": 23,
   "metadata": {},
   "outputs": [],
   "source": [
    "# datasete\n",
    "x=np.array(([0.9,0.8],[0.6,0.3],[0.9,0.1],[0.9,0.8],[0.2,0.35],[0.4,0.39]))\n",
    "y=np.array((['Netural'],['Posative'],['Posative'],['Netural'],['Negative'],['Negative']))"
   ]
  },
  {
   "cell_type": "code",
   "execution_count": 24,
   "metadata": {},
   "outputs": [
    {
     "name": "stderr",
     "output_type": "stream",
     "text": [
      "c:\\Users\\1\\AppData\\Local\\Programs\\Python\\Python310\\lib\\site-packages\\sklearn\\preprocessing\\_encoders.py:975: FutureWarning: `sparse` was renamed to `sparse_output` in version 1.2 and will be removed in 1.4. `sparse_output` is ignored unless you leave `sparse` to its default value.\n",
      "  warnings.warn(\n"
     ]
    }
   ],
   "source": [
    "# encode categoracal featuers as a one-hot numeric array\n",
    "enc=OneHotEncoder(sparse=False,categories='auto')\n",
    "y=enc.fit_transform(y.reshape(len(y),-1))"
   ]
  },
  {
   "cell_type": "code",
   "execution_count": 25,
   "metadata": {},
   "outputs": [
    {
     "data": {
      "text/plain": [
       "[array(['Negative', 'Netural', 'Posative'], dtype='<U8')]"
      ]
     },
     "execution_count": 25,
     "metadata": {},
     "output_type": "execute_result"
    }
   ],
   "source": [
    "enc.categories_"
   ]
  },
  {
   "cell_type": "code",
   "execution_count": 26,
   "metadata": {},
   "outputs": [
    {
     "data": {
      "text/plain": [
       "array([[0., 1., 0.],\n",
       "       [0., 0., 1.],\n",
       "       [0., 0., 1.],\n",
       "       [0., 1., 0.],\n",
       "       [1., 0., 0.],\n",
       "       [1., 0., 0.]])"
      ]
     },
     "execution_count": 26,
     "metadata": {},
     "output_type": "execute_result"
    }
   ],
   "source": [
    "y"
   ]
  },
  {
   "cell_type": "code",
   "execution_count": 33,
   "metadata": {},
   "outputs": [],
   "source": [
    "# activation function\n",
    "def sigmoid(Z):\n",
    "    return 1/(1+np.exp(-Z))\n",
    "\n",
    "# softmax function\n",
    "def softmax(x):\n",
    "    expX=np.exp(x)\n",
    "    return expX/expX.sum(axis=1,keepdims=True)\n",
    "\n",
    "# Multi-layer feedforward neural network (2 hidden layers)\n",
    "class NeuralNetwork:\n",
    "    def __init__(self,x,y,nodes_in_layer1 = 4,nodes_in_layer2 = 3,nodes_in_layer3=3,l_rate=1):\n",
    "        # defin x , y\n",
    "        self.inputs_in_layer0 = x\n",
    "        self.y = y\n",
    "        self.l_rate = l_rate\n",
    "\n",
    "        # definde and set the number of neurons in each layers\n",
    "        self.nodes_in_layer1 = nodes_in_layer1\n",
    "        self.nodes_in_layer2 = nodes_in_layer2\n",
    "        self.nodes_in_layer3 = nodes_in_layer3\n",
    "        \n",
    "        # initialize weights and biases\n",
    "        self.thetas_layer0 = np.random.rand(self.inputs_in_layer0.shape[1]+1,self.nodes_in_layer1)\n",
    "        self.thetas_layer1 = np.random.rand(self.nodes_in_layer1+1,self.nodes_in_layer2)\n",
    "        self.thetas_layer2 = np.random.rand(self.nodes_in_layer2+1,nodes_in_layer3)\n",
    "\n",
    "    def feedforward(self):\n",
    "        n = self.inputs_in_layer0.shape[0]\n",
    "        self.Z1 = self.thetas_layer0[0] + np.dot(self.inputs_in_layer0,self.thetas_layer0[1:])\n",
    "        self.layer1 = sigmoid(self.Z1)\n",
    "\n",
    "        self.Z2 = self.thetas_layer1[0] + np.dot(self.layer1 , self.thetas_layer1[1:])\n",
    "        self.layer2 = sigmoid(self.Z2)\n",
    "\n",
    "        self.Z3 = self.thetas_layer2[0] + np.dot(self.layer2 , self.thetas_layer2[1:])\n",
    "        self.layer3 = softmax(self.Z3)\n",
    "\n",
    "        return self.layer3\n",
    "    \n",
    "    def cost_func(self):\n",
    "        self.n = self.inputs_in_layer0.shape[0]\n",
    "        self.cost = (1/self.n) * np.sum(-self.y * np.log(self.layer3))\n",
    "        return self.cost\n",
    "    \n",
    "    def backprop(self):\n",
    "        self.dE_dZ3 = (1/self.n)*(self.layer3 - self.y)\n",
    "        self.dE_dtheta2 = np.dot(self.layer2.T,self.dE_dZ3)\n",
    "        self.dE_dbias2 = np.dot(np.ones(self.n),self.dE_dZ3)\n",
    "\n",
    "        # drivative of E with respect to theta and bias in layer1\n",
    "        self.dE_dlayer2 = np.dot(self.dE_dZ3,self.thetas_layer2[1:].T)\n",
    "        self.dE_dZ2 = np.multiply(self.dE_dlayer2,sigmoid(self.Z2)*(1-sigmoid(self.Z2)))\n",
    "        self.dE_dtheta1 = np.dot(self.layer1.T,self.dE_dZ2)\n",
    "        self.dE_dbias1 = np.dot(np.ones(self.n),self.dE_dZ2)\n",
    "\n",
    "        # drivative of E with respect to theta and bias in layer0\n",
    "        self.dE_dlayer1 = np.dot(self.dE_dZ2,self.thetas_layer1[1:].T)\n",
    "        self.dE_dZ1 = np.multiply(self.dE_dlayer1,sigmoid(self.Z1)*(1-sigmoid(self.Z1)))\n",
    "        self.dE_dtheta0 = np.dot(self.inputs_in_layer0.T,self.dE_dZ1)\n",
    "        self.dE_dbias0 = np.dot(np.ones(self.n),self.dE_dZ1)\n",
    "\n",
    "        # update theta using gradient descent in layer 2,1 and 0\n",
    "        self.thetas_layer2[1:] = self.thetas_layer2[1:] - self.l_rate*self.dE_dtheta2\n",
    "        self.thetas_layer1[1:] = self.thetas_layer1[1:] - self.l_rate*self.dE_dtheta1\n",
    "        self.thetas_layer0[1:] = self.thetas_layer0[1:] - self.l_rate*self.dE_dtheta0\n",
    "\n",
    "        # update bias using gradient descent in layer 2,1 and 0\n",
    "        self.thetas_layer2[0] = self.thetas_layer2[0] - self.l_rate*self.dE_dbias2\n",
    "        self.thetas_layer1[0] = self.thetas_layer1[0] - self.l_rate*self.dE_dbias1\n",
    "        self.thetas_layer0[0] = self.thetas_layer0[0] - self.l_rate*self.dE_dbias0\n",
    "\n",
    "        return self\n"
   ]
  },
  {
   "cell_type": "code",
   "execution_count": 34,
   "metadata": {},
   "outputs": [
    {
     "name": "stdout",
     "output_type": "stream",
     "text": [
      "itration # 1\n",
      "Actual output: \n",
      " [[0. 1. 0.]\n",
      " [0. 0. 1.]\n",
      " [0. 0. 1.]\n",
      " [0. 1. 0.]\n",
      " [1. 0. 0.]\n",
      " [1. 0. 0.]]\n",
      "Predicted output: \n",
      " [[0.3127197  0.46977112 0.21750918]\n",
      " [0.31436937 0.46710456 0.21852607]\n",
      " [0.31422958 0.46740773 0.21836269]\n",
      " [0.3127197  0.46977112 0.21750918]\n",
      " [0.31516568 0.46573131 0.21910301]\n",
      " [0.31458826 0.46670295 0.21870878]]\n",
      "cost: \n",
      " 1.1441024368845514 \n",
      "\n",
      "-------------------------------------------\n",
      "itration # 2\n",
      "Actual output: \n",
      " [[0. 1. 0.]\n",
      " [0. 0. 1.]\n",
      " [0. 0. 1.]\n",
      " [0. 1. 0.]\n",
      " [1. 0. 0.]\n",
      " [1. 0. 0.]]\n",
      "Predicted output: \n",
      " [[0.34841536 0.31827561 0.33330902]\n",
      " [0.34956562 0.3172067  0.33322768]\n",
      " [0.34947887 0.31744791 0.33307322]\n",
      " [0.34841536 0.31827561 0.33330902]\n",
      " [0.35010819 0.31652384 0.33336797]\n",
      " [0.34971122 0.31697352 0.33331526]]\n",
      "cost: \n",
      " 1.0980263237107217 \n",
      "\n",
      "-------------------------------------------\n",
      "itration # 3\n",
      "Actual output: \n",
      " [[0. 1. 0.]\n",
      " [0. 0. 1.]\n",
      " [0. 0. 1.]\n",
      " [0. 1. 0.]\n",
      " [1. 0. 0.]\n",
      " [1. 0. 0.]]\n",
      "Predicted output: \n",
      " [[0.32905138 0.33816253 0.33278609]\n",
      " [0.33036984 0.33686931 0.33276085]\n",
      " [0.33027421 0.33712587 0.33259992]\n",
      " [0.32905138 0.33816253 0.33278609]\n",
      " [0.33098781 0.3360823  0.33292989]\n",
      " [0.33053465 0.33660847 0.33285688]]\n",
      "cost: \n",
      " 1.0970534886619399 \n",
      "\n",
      "-------------------------------------------\n",
      "itration # 4\n",
      "Actual output: \n",
      " [[0. 1. 0.]\n",
      " [0. 0. 1.]\n",
      " [0. 0. 1.]\n",
      " [0. 1. 0.]\n",
      " [1. 0. 0.]\n",
      " [1. 0. 0.]]\n",
      "Predicted output: \n",
      " [[0.33096493 0.33643014 0.33260493]\n",
      " [0.33228508 0.33513311 0.33258181]\n",
      " [0.33218711 0.33539139 0.33242149]\n",
      " [0.33096493 0.33643014 0.33260493]\n",
      " [0.3329063  0.33434271 0.33275099]\n",
      " [0.33245145 0.33487091 0.33267764]]\n",
      "cost: \n",
      " 1.0970176939925564 \n",
      "\n",
      "-------------------------------------------\n",
      "itration # 5\n",
      "Actual output: \n",
      " [[0. 1. 0.]\n",
      " [0. 0. 1.]\n",
      " [0. 0. 1.]\n",
      " [0. 1. 0.]\n",
      " [1. 0. 0.]\n",
      " [1. 0. 0.]]\n",
      "Predicted output: \n",
      " [[0.3307725  0.33662085 0.33260665]\n",
      " [0.33211036 0.33530051 0.33258913]\n",
      " [0.33200949 0.33556177 0.33242874]\n",
      " [0.3307725  0.33662085 0.33260665]\n",
      " [0.33274168 0.33449775 0.33276057]\n",
      " [0.33227993 0.3350346  0.33268547]]\n",
      "cost: \n",
      " 1.096989927244242 \n",
      "\n",
      "-------------------------------------------\n",
      "itration # 6\n",
      "Actual output: \n",
      " [[0. 1. 0.]\n",
      " [0. 0. 1.]\n",
      " [0. 0. 1.]\n",
      " [0. 1. 0.]\n",
      " [1. 0. 0.]\n",
      " [1. 0. 0.]]\n",
      "Predicted output: \n",
      " [[0.33077398 0.33662288 0.33260314]\n",
      " [0.33212824 0.33528095 0.33259081]\n",
      " [0.33202448 0.33554511 0.33243041]\n",
      " [0.33077398 0.33662288 0.33260314]\n",
      " [0.33276914 0.33446658 0.33276428]\n",
      " [0.3323009  0.33501152 0.33268758]]\n",
      "cost: \n",
      " 1.0969619767445045 \n",
      "\n",
      "-------------------------------------------\n",
      "itration # 7\n",
      "Actual output: \n",
      " [[0. 1. 0.]\n",
      " [0. 0. 1.]\n",
      " [0. 0. 1.]\n",
      " [0. 1. 0.]\n",
      " [1. 0. 0.]\n",
      " [1. 0. 0.]]\n",
      "Predicted output: \n",
      " [[0.33075723 0.33664354 0.33259924]\n",
      " [0.33212818 0.33527963 0.33259219]\n",
      " [0.3320215  0.33554676 0.33243175]\n",
      " [0.33075723 0.33664354 0.33259924]\n",
      " [0.33277882 0.33445344 0.33276775]\n",
      " [0.33230398 0.33500661 0.33268942]]\n",
      "cost: \n",
      " 1.0969337643831891 \n",
      "\n",
      "-------------------------------------------\n",
      "itration # 8\n",
      "Actual output: \n",
      " [[0. 1. 0.]\n",
      " [0. 0. 1.]\n",
      " [0. 0. 1.]\n",
      " [0. 1. 0.]\n",
      " [1. 0. 0.]\n",
      " [1. 0. 0.]]\n",
      "Predicted output: \n",
      " [[0.33074199 0.33666259 0.33259542]\n",
      " [0.3321298  0.33527652 0.33259368]\n",
      " [0.33202016 0.33554665 0.33243319]\n",
      " [0.33074199 0.33666259 0.33259542]\n",
      " [0.33279028 0.33443837 0.33277134]\n",
      " [0.33230877 0.33499986 0.33269137]]\n",
      "cost: \n",
      " 1.0969052843889286 \n",
      "\n",
      "-------------------------------------------\n",
      "itration # 9\n",
      "Actual output: \n",
      " [[0. 1. 0.]\n",
      " [0. 0. 1.]\n",
      " [0. 0. 1.]\n",
      " [0. 1. 0.]\n",
      " [1. 0. 0.]\n",
      " [1. 0. 0.]]\n",
      "Predicted output: \n",
      " [[0.33072645 0.33668201 0.33259154]\n",
      " [0.33213128 0.33527357 0.33259515]\n",
      " [0.33201864 0.33554675 0.33243461]\n",
      " [0.33072645 0.33668201 0.33259154]\n",
      " [0.33280172 0.33442333 0.33277496]\n",
      " [0.33231346 0.33499322 0.33269332]]\n",
      "cost: \n",
      " 1.0968765315762439 \n",
      "\n",
      "-------------------------------------------\n",
      "itration # 10\n",
      "Actual output: \n",
      " [[0. 1. 0.]\n",
      " [0. 0. 1.]\n",
      " [0. 0. 1.]\n",
      " [0. 1. 0.]\n",
      " [1. 0. 0.]\n",
      " [1. 0. 0.]]\n",
      "Predicted output: \n",
      " [[0.33071075 0.33670162 0.33258764]\n",
      " [0.33213278 0.33527059 0.33259663]\n",
      " [0.33201711 0.33554688 0.33243601]\n",
      " [0.33071075 0.33670162 0.33258764]\n",
      " [0.33281328 0.33440812 0.3327786 ]\n",
      " [0.33231821 0.3349865  0.33269529]]\n",
      "cost: \n",
      " 1.0968475006588028 \n",
      "\n",
      "-------------------------------------------\n",
      "itration # 11\n",
      "Actual output: \n",
      " [[0. 1. 0.]\n",
      " [0. 0. 1.]\n",
      " [0. 0. 1.]\n",
      " [0. 1. 0.]\n",
      " [1. 0. 0.]\n",
      " [1. 0. 0.]]\n",
      "Predicted output: \n",
      " [[0.33069488 0.33672142 0.3325837 ]\n",
      " [0.3321343  0.33526759 0.33259811]\n",
      " [0.33201555 0.33554704 0.33243741]\n",
      " [0.33069488 0.33672142 0.3325837 ]\n",
      " [0.33282497 0.33439275 0.33278227]\n",
      " [0.33232301 0.33497973 0.33269727]]\n",
      "cost: \n",
      " 1.0968181862436106 \n",
      "\n",
      "-------------------------------------------\n",
      "itration # 12\n",
      "Actual output: \n",
      " [[0. 1. 0.]\n",
      " [0. 0. 1.]\n",
      " [0. 0. 1.]\n",
      " [0. 1. 0.]\n",
      " [1. 0. 0.]\n",
      " [1. 0. 0.]]\n",
      "Predicted output: \n",
      " [[0.33067884 0.33674144 0.33257972]\n",
      " [0.33213583 0.33526458 0.33259959]\n",
      " [0.33201397 0.33554723 0.3324388 ]\n",
      " [0.33067884 0.33674144 0.33257972]\n",
      " [0.33283679 0.33437723 0.33278598]\n",
      " [0.33232786 0.33497289 0.33269926]]\n",
      "cost: \n",
      " 1.096788582827852 \n",
      "\n",
      "-------------------------------------------\n",
      "itration # 13\n",
      "Actual output: \n",
      " [[0. 1. 0.]\n",
      " [0. 0. 1.]\n",
      " [0. 0. 1.]\n",
      " [0. 1. 0.]\n",
      " [1. 0. 0.]\n",
      " [1. 0. 0.]]\n",
      "Predicted output: \n",
      " [[0.33066263 0.33676166 0.3325757 ]\n",
      " [0.33213737 0.33526155 0.33260108]\n",
      " [0.33201236 0.33554747 0.33244018]\n",
      " [0.33066263 0.33676166 0.3325757 ]\n",
      " [0.33284874 0.33436154 0.33278971]\n",
      " [0.33233276 0.33496598 0.33270126]]\n",
      "cost: \n",
      " 1.0967586847960153 \n",
      "\n",
      "-------------------------------------------\n",
      "itration # 14\n",
      "Actual output: \n",
      " [[0. 1. 0.]\n",
      " [0. 0. 1.]\n",
      " [0. 0. 1.]\n",
      " [0. 1. 0.]\n",
      " [1. 0. 0.]\n",
      " [1. 0. 0.]]\n",
      "Predicted output: \n",
      " [[0.33064625 0.3367821  0.33257165]\n",
      " [0.33213892 0.3352585  0.33260257]\n",
      " [0.33201072 0.33554773 0.33244154]\n",
      " [0.33064625 0.3367821  0.33257165]\n",
      " [0.33286083 0.33434569 0.33279348]\n",
      " [0.33233772 0.334959   0.33270328]]\n",
      "cost: \n",
      " 1.0967284864168971 \n",
      "\n",
      "-------------------------------------------\n",
      "itration # 15\n",
      "Actual output: \n",
      " [[0. 1. 0.]\n",
      " [0. 0. 1.]\n",
      " [0. 0. 1.]\n",
      " [0. 1. 0.]\n",
      " [1. 0. 0.]\n",
      " [1. 0. 0.]]\n",
      "Predicted output: \n",
      " [[0.33062968 0.33680276 0.33256756]\n",
      " [0.33214049 0.33525544 0.33260407]\n",
      " [0.33200906 0.33554804 0.3324429 ]\n",
      " [0.33062968 0.33680276 0.33256756]\n",
      " [0.33287305 0.33432967 0.33279728]\n",
      " [0.33234273 0.33495195 0.33270532]]\n",
      "cost: \n",
      " 1.0966979818405227 \n",
      "\n",
      "-------------------------------------------\n",
      "itration # 16\n",
      "Actual output: \n",
      " [[0. 1. 0.]\n",
      " [0. 0. 1.]\n",
      " [0. 0. 1.]\n",
      " [0. 1. 0.]\n",
      " [1. 0. 0.]\n",
      " [1. 0. 0.]]\n",
      "Predicted output: \n",
      " [[0.33061294 0.33682363 0.33256343]\n",
      " [0.33214208 0.33525236 0.33260556]\n",
      " [0.33200737 0.33554838 0.33244425]\n",
      " [0.33061294 0.33682363 0.33256343]\n",
      " [0.33288541 0.33431347 0.33280112]\n",
      " [0.3323478  0.33494483 0.33270737]]\n",
      "cost: \n",
      " 1.0966671650949713 \n",
      "\n",
      "-------------------------------------------\n",
      "itration # 17\n",
      "Actual output: \n",
      " [[0. 1. 0.]\n",
      " [0. 0. 1.]\n",
      " [0. 0. 1.]\n",
      " [0. 1. 0.]\n",
      " [1. 0. 0.]\n",
      " [1. 0. 0.]]\n",
      "Predicted output: \n",
      " [[0.33059601 0.33684473 0.33255926]\n",
      " [0.33214368 0.33524926 0.33260707]\n",
      " [0.33200565 0.33554876 0.33244559]\n",
      " [0.33059601 0.33684473 0.33255926]\n",
      " [0.33289791 0.33429709 0.33280499]\n",
      " [0.33235293 0.33493764 0.33270943]]\n",
      "cost: \n",
      " 1.0966360300831068 \n",
      "\n",
      "-------------------------------------------\n",
      "itration # 18\n",
      "Actual output: \n",
      " [[0. 1. 0.]\n",
      " [0. 0. 1.]\n",
      " [0. 0. 1.]\n",
      " [0. 1. 0.]\n",
      " [1. 0. 0.]\n",
      " [1. 0. 0.]]\n",
      "Predicted output: \n",
      " [[0.33057889 0.33686605 0.33255505]\n",
      " [0.3321453  0.33524613 0.33260857]\n",
      " [0.33200391 0.33554918 0.33244692]\n",
      " [0.33057889 0.33686605 0.33255505]\n",
      " [0.33291056 0.33428054 0.3328089 ]\n",
      " [0.33235812 0.33493037 0.33271151]]\n",
      "cost: \n",
      " 1.096604570579208 \n",
      "\n",
      "-------------------------------------------\n",
      "itration # 19\n",
      "Actual output: \n",
      " [[0. 1. 0.]\n",
      " [0. 0. 1.]\n",
      " [0. 0. 1.]\n",
      " [0. 1. 0.]\n",
      " [1. 0. 0.]\n",
      " [1. 0. 0.]]\n",
      "Predicted output: \n",
      " [[0.33056159 0.33688761 0.3325508 ]\n",
      " [0.33214693 0.33524299 0.33261008]\n",
      " [0.33200213 0.33554963 0.33244824]\n",
      " [0.33056159 0.33688761 0.3325508 ]\n",
      " [0.33292336 0.3342638  0.33281284]\n",
      " [0.33236337 0.33492302 0.33271361]]\n",
      "cost: \n",
      " 1.0965727802254945 \n",
      "\n",
      "-------------------------------------------\n",
      "itration # 20\n",
      "Actual output: \n",
      " [[0. 1. 0.]\n",
      " [0. 0. 1.]\n",
      " [0. 0. 1.]\n",
      " [0. 1. 0.]\n",
      " [1. 0. 0.]\n",
      " [1. 0. 0.]]\n",
      "Predicted output: \n",
      " [[0.33054408 0.33690941 0.33254651]\n",
      " [0.33214858 0.33523982 0.3326116 ]\n",
      " [0.33200033 0.33555012 0.33244955]\n",
      " [0.33054408 0.33690941 0.33254651]\n",
      " [0.33293631 0.33424687 0.33281682]\n",
      " [0.33236868 0.33491559 0.33271572]]\n",
      "cost: \n",
      " 1.0965406525285482 \n",
      "\n",
      "-------------------------------------------\n",
      "itration # 21\n",
      "Actual output: \n",
      " [[0. 1. 0.]\n",
      " [0. 0. 1.]\n",
      " [0. 0. 1.]\n",
      " [0. 1. 0.]\n",
      " [1. 0. 0.]\n",
      " [1. 0. 0.]]\n",
      "Predicted output: \n",
      " [[0.33052639 0.33693144 0.33254217]\n",
      " [0.33215025 0.33523663 0.33261312]\n",
      " [0.3319985  0.33555065 0.33245085]\n",
      " [0.33052639 0.33693144 0.33254217]\n",
      " [0.33294942 0.33422974 0.33282084]\n",
      " [0.33237406 0.33490808 0.33271786]]\n",
      "cost: \n",
      " 1.0965081808556207 \n",
      "\n",
      "-------------------------------------------\n",
      "itration # 22\n",
      "Actual output: \n",
      " [[0. 1. 0.]\n",
      " [0. 0. 1.]\n",
      " [0. 0. 1.]\n",
      " [0. 1. 0.]\n",
      " [1. 0. 0.]\n",
      " [1. 0. 0.]]\n",
      "Predicted output: \n",
      " [[0.33050849 0.33695372 0.33253779]\n",
      " [0.33215194 0.33523342 0.33261464]\n",
      " [0.33199665 0.33555121 0.33245214]\n",
      " [0.33050849 0.33695372 0.33253779]\n",
      " [0.33296269 0.33421242 0.3328249 ]\n",
      " [0.33237951 0.33490049 0.33272   ]]\n",
      "cost: \n",
      " 1.0964753584308298 \n",
      "\n",
      "-------------------------------------------\n",
      "itration # 23\n",
      "Actual output: \n",
      " [[0. 1. 0.]\n",
      " [0. 0. 1.]\n",
      " [0. 0. 1.]\n",
      " [0. 1. 0.]\n",
      " [1. 0. 0.]\n",
      " [1. 0. 0.]]\n",
      "Predicted output: \n",
      " [[0.33049038 0.33697625 0.33253337]\n",
      " [0.33215365 0.33523018 0.33261617]\n",
      " [0.33199476 0.33555182 0.33245342]\n",
      " [0.33049038 0.33697625 0.33253337]\n",
      " [0.33297612 0.33419489 0.33282899]\n",
      " [0.33238502 0.33489281 0.33272217]]\n",
      "cost: \n",
      " 1.0964421783312344 \n",
      "\n",
      "-------------------------------------------\n",
      "itration # 24\n",
      "Actual output: \n",
      " [[0. 1. 0.]\n",
      " [0. 0. 1.]\n",
      " [0. 0. 1.]\n",
      " [0. 1. 0.]\n",
      " [1. 0. 0.]\n",
      " [1. 0. 0.]]\n",
      "Predicted output: \n",
      " [[0.33047207 0.33699903 0.33252891]\n",
      " [0.33215538 0.33522691 0.33261771]\n",
      " [0.33199285 0.33555246 0.3324547 ]\n",
      " [0.33047207 0.33699903 0.33252891]\n",
      " [0.33298971 0.33417716 0.33283313]\n",
      " [0.3323906  0.33488504 0.33272436]]\n",
      "cost: \n",
      " 1.0964086334827876 \n",
      "\n",
      "-------------------------------------------\n",
      "itration # 25\n",
      "Actual output: \n",
      " [[0. 1. 0.]\n",
      " [0. 0. 1.]\n",
      " [0. 0. 1.]\n",
      " [0. 1. 0.]\n",
      " [1. 0. 0.]\n",
      " [1. 0. 0.]]\n",
      "Predicted output: \n",
      " [[0.33045354 0.33702206 0.33252439]\n",
      " [0.33215713 0.33522362 0.33261925]\n",
      " [0.3319909  0.33555314 0.33245596]\n",
      " [0.33045354 0.33702206 0.33252439]\n",
      " [0.33300348 0.33415921 0.33283731]\n",
      " [0.33239626 0.33487718 0.33272656]]\n",
      "cost: \n",
      " 1.0963747166561615 \n",
      "\n",
      "-------------------------------------------\n",
      "itration # 26\n",
      "Actual output: \n",
      " [[0. 1. 0.]\n",
      " [0. 0. 1.]\n",
      " [0. 0. 1.]\n",
      " [0. 1. 0.]\n",
      " [1. 0. 0.]\n",
      " [1. 0. 0.]]\n",
      "Predicted output: \n",
      " [[0.3304348  0.33704536 0.33251984]\n",
      " [0.33215891 0.33522029 0.3326208 ]\n",
      " [0.33198893 0.33555386 0.33245721]\n",
      " [0.3304348  0.33704536 0.33251984]\n",
      " [0.33301742 0.33414105 0.33284153]\n",
      " [0.33240199 0.33486923 0.33272879]]\n",
      "cost: \n",
      " 1.096340420462441 \n",
      "\n",
      "-------------------------------------------\n",
      "itration # 27\n",
      "Actual output: \n",
      " [[0. 1. 0.]\n",
      " [0. 0. 1.]\n",
      " [0. 0. 1.]\n",
      " [0. 1. 0.]\n",
      " [1. 0. 0.]\n",
      " [1. 0. 0.]]\n",
      "Predicted output: \n",
      " [[0.33041584 0.33706892 0.33251523]\n",
      " [0.3321607  0.33521694 0.33262236]\n",
      " [0.33198692 0.33555462 0.33245846]\n",
      " [0.33041584 0.33706892 0.33251523]\n",
      " [0.33303154 0.33412267 0.3328458 ]\n",
      " [0.33240779 0.33486118 0.33273103]]\n",
      "cost: \n",
      " 1.096305737348679 \n",
      "\n",
      "-------------------------------------------\n",
      "itration # 28\n",
      "Actual output: \n",
      " [[0. 1. 0.]\n",
      " [0. 0. 1.]\n",
      " [0. 0. 1.]\n",
      " [0. 1. 0.]\n",
      " [1. 0. 0.]\n",
      " [1. 0. 0.]]\n",
      "Predicted output: \n",
      " [[0.33039666 0.33709276 0.33251058]\n",
      " [0.33216252 0.33521356 0.33262392]\n",
      " [0.33198489 0.33555541 0.3324597 ]\n",
      " [0.33039666 0.33709276 0.33251058]\n",
      " [0.33304584 0.33410406 0.33285011]\n",
      " [0.33241367 0.33485303 0.3327333 ]]\n",
      "cost: \n",
      " 1.096270659593311 \n",
      "\n",
      "-------------------------------------------\n",
      "itration # 29\n",
      "Actual output: \n",
      " [[0. 1. 0.]\n",
      " [0. 0. 1.]\n",
      " [0. 0. 1.]\n",
      " [0. 1. 0.]\n",
      " [1. 0. 0.]\n",
      " [1. 0. 0.]]\n",
      "Predicted output: \n",
      " [[0.33037725 0.33711687 0.33250588]\n",
      " [0.33216437 0.33521014 0.33262549]\n",
      " [0.33198282 0.33555625 0.33246093]\n",
      " [0.33037725 0.33711687 0.33250588]\n",
      " [0.33306032 0.33408522 0.33285446]\n",
      " [0.33241963 0.33484478 0.33273559]]\n",
      "cost: \n",
      " 1.0962351793014198 \n",
      "\n",
      "-------------------------------------------\n",
      "itration # 30\n",
      "Actual output: \n",
      " [[0. 1. 0.]\n",
      " [0. 0. 1.]\n",
      " [0. 0. 1.]\n",
      " [0. 1. 0.]\n",
      " [1. 0. 0.]\n",
      " [1. 0. 0.]]\n",
      "Predicted output: \n",
      " [[0.33035761 0.33714126 0.33250113]\n",
      " [0.33216624 0.33520669 0.33262707]\n",
      " [0.33198073 0.33555713 0.33246215]\n",
      " [0.33035761 0.33714126 0.33250113]\n",
      " [0.333075   0.33406614 0.33285886]\n",
      " [0.33242567 0.33483643 0.3327379 ]]\n",
      "cost: \n",
      " 1.0961992883998524 \n",
      "\n",
      "-------------------------------------------\n",
      "itration # 31\n",
      "Actual output: \n",
      " [[0. 1. 0.]\n",
      " [0. 0. 1.]\n",
      " [0. 0. 1.]\n",
      " [0. 1. 0.]\n",
      " [1. 0. 0.]\n",
      " [1. 0. 0.]]\n",
      "Predicted output: \n",
      " [[0.33033774 0.33716594 0.33249632]\n",
      " [0.33216814 0.33520321 0.33262865]\n",
      " [0.3319786  0.33555804 0.33246336]\n",
      " [0.33033774 0.33716594 0.33249632]\n",
      " [0.33308987 0.33404682 0.33286331]\n",
      " [0.3324318  0.33482797 0.33274023]]\n",
      "cost: \n",
      " 1.0961629786321718 \n",
      "\n",
      "-------------------------------------------\n",
      "itration # 32\n",
      "Actual output: \n",
      " [[0. 1. 0.]\n",
      " [0. 0. 1.]\n",
      " [0. 0. 1.]\n",
      " [0. 1. 0.]\n",
      " [1. 0. 0.]\n",
      " [1. 0. 0.]]\n",
      "Predicted output: \n",
      " [[0.33031762 0.33719091 0.33249147]\n",
      " [0.33217007 0.33519969 0.33263024]\n",
      " [0.33197645 0.335559   0.33246456]\n",
      " [0.33031762 0.33719091 0.33249147]\n",
      " [0.33310493 0.33402726 0.33286781]\n",
      " [0.33243801 0.33481941 0.33274258]]\n",
      "cost: \n",
      " 1.096126241553451 \n",
      "\n",
      "-------------------------------------------\n",
      "itration # 33\n",
      "Actual output: \n",
      " [[0. 1. 0.]\n",
      " [0. 0. 1.]\n",
      " [0. 0. 1.]\n",
      " [0. 1. 0.]\n",
      " [1. 0. 0.]\n",
      " [1. 0. 0.]]\n",
      "Predicted output: \n",
      " [[0.33029726 0.33721617 0.33248657]\n",
      " [0.33217202 0.33519614 0.33263185]\n",
      " [0.33197426 0.33555999 0.33246575]\n",
      " [0.33029726 0.33721617 0.33248657]\n",
      " [0.33312021 0.33400744 0.33287235]\n",
      " [0.3324443  0.33481073 0.33274496]]\n",
      "cost: \n",
      " 1.0960890685248894 \n",
      "\n",
      "-------------------------------------------\n",
      "itration # 34\n",
      "Actual output: \n",
      " [[0. 1. 0.]\n",
      " [0. 0. 1.]\n",
      " [0. 0. 1.]\n",
      " [0. 1. 0.]\n",
      " [1. 0. 0.]\n",
      " [1. 0. 0.]]\n",
      "Predicted output: \n",
      " [[0.33027666 0.33724174 0.33248161]\n",
      " [0.332174   0.33519254 0.33263346]\n",
      " [0.33197204 0.33556103 0.33246694]\n",
      " [0.33027666 0.33724174 0.33248161]\n",
      " [0.33313568 0.33398737 0.33287695]\n",
      " [0.33245069 0.33480194 0.33274736]]\n",
      "cost: \n",
      " 1.0960514507082602 \n",
      "\n",
      "-------------------------------------------\n",
      "itration # 35\n",
      "Actual output: \n",
      " [[0. 1. 0.]\n",
      " [0. 0. 1.]\n",
      " [0. 0. 1.]\n",
      " [0. 1. 0.]\n",
      " [1. 0. 0.]\n",
      " [1. 0. 0.]]\n",
      "Predicted output: \n",
      " [[0.3302558  0.33726761 0.33247659]\n",
      " [0.33217602 0.33518891 0.33263508]\n",
      " [0.33196978 0.33556211 0.33246811]\n",
      " [0.3302558  0.33726761 0.33247659]\n",
      " [0.33315138 0.33396703 0.3328816 ]\n",
      " [0.33245717 0.33479304 0.33274979]]\n",
      "cost: \n",
      " 1.0960133790601658 \n",
      "\n",
      "-------------------------------------------\n",
      "itration # 36\n",
      "Actual output: \n",
      " [[0. 1. 0.]\n",
      " [0. 0. 1.]\n",
      " [0. 0. 1.]\n",
      " [0. 1. 0.]\n",
      " [1. 0. 0.]\n",
      " [1. 0. 0.]]\n",
      "Predicted output: \n",
      " [[0.33023468 0.3372938  0.33247153]\n",
      " [0.33217806 0.33518523 0.3326367 ]\n",
      " [0.3319675  0.33556322 0.33246928]\n",
      " [0.33023468 0.3372938  0.33247153]\n",
      " [0.33316728 0.33394642 0.3328863 ]\n",
      " [0.33246374 0.33478401 0.33275224]]\n",
      "cost: \n",
      " 1.09597484432611 \n",
      "\n",
      "-------------------------------------------\n",
      "itration # 37\n",
      "Actual output: \n",
      " [[0. 1. 0.]\n",
      " [0. 0. 1.]\n",
      " [0. 0. 1.]\n",
      " [0. 1. 0.]\n",
      " [1. 0. 0.]\n",
      " [1. 0. 0.]]\n",
      "Predicted output: \n",
      " [[0.3302133  0.3373203  0.3324664 ]\n",
      " [0.33218014 0.33518152 0.33263834]\n",
      " [0.33196518 0.33556438 0.33247044]\n",
      " [0.3302133  0.3373203  0.3324664 ]\n",
      " [0.33318341 0.33392553 0.33289106]\n",
      " [0.33247042 0.33477486 0.33275472]]\n",
      "cost: \n",
      " 1.0959358370343653 \n",
      "\n",
      "-------------------------------------------\n",
      "itration # 38\n",
      "Actual output: \n",
      " [[0. 1. 0.]\n",
      " [0. 0. 1.]\n",
      " [0. 0. 1.]\n",
      " [0. 1. 0.]\n",
      " [1. 0. 0.]\n",
      " [1. 0. 0.]]\n",
      "Predicted output: \n",
      " [[0.33019165 0.33734713 0.33246122]\n",
      " [0.33218225 0.33517776 0.33263999]\n",
      " [0.33196283 0.33556558 0.33247159]\n",
      " [0.33019165 0.33734713 0.33246122]\n",
      " [0.33319977 0.33390436 0.33289587]\n",
      " [0.33247719 0.33476559 0.33275723]]\n",
      "cost: \n",
      " 1.095896347489639 \n",
      "\n",
      "-------------------------------------------\n",
      "itration # 39\n",
      "Actual output: \n",
      " [[0. 1. 0.]\n",
      " [0. 0. 1.]\n",
      " [0. 0. 1.]\n",
      " [0. 1. 0.]\n",
      " [1. 0. 0.]\n",
      " [1. 0. 0.]]\n",
      "Predicted output: \n",
      " [[0.33016973 0.33737429 0.33245598]\n",
      " [0.3321844  0.33517395 0.33264165]\n",
      " [0.33196044 0.33556683 0.33247273]\n",
      " [0.33016973 0.33737429 0.33245598]\n",
      " [0.33321636 0.33388291 0.33290073]\n",
      " [0.33248406 0.33475618 0.33275976]]\n",
      "cost: \n",
      " 1.095856365766526 \n",
      "\n",
      "-------------------------------------------\n",
      "itration # 40\n",
      "Actual output: \n",
      " [[0. 1. 0.]\n",
      " [0. 0. 1.]\n",
      " [0. 0. 1.]\n",
      " [0. 1. 0.]\n",
      " [1. 0. 0.]\n",
      " [1. 0. 0.]]\n",
      "Predicted output: \n",
      " [[0.33014754 0.33740178 0.33245068]\n",
      " [0.33218658 0.3351701  0.33264332]\n",
      " [0.33195802 0.33556811 0.33247387]\n",
      " [0.33014754 0.33740178 0.33245068]\n",
      " [0.33323319 0.33386116 0.33290566]\n",
      " [0.33249103 0.33474665 0.33276232]]\n",
      "cost: \n",
      " 1.0958158817027357 \n",
      "\n",
      "-------------------------------------------\n",
      "itration # 41\n",
      "Actual output: \n",
      " [[0. 1. 0.]\n",
      " [0. 0. 1.]\n",
      " [0. 0. 1.]\n",
      " [0. 1. 0.]\n",
      " [1. 0. 0.]\n",
      " [1. 0. 0.]]\n",
      "Predicted output: \n",
      " [[0.33012506 0.33742962 0.33244532]\n",
      " [0.3321888  0.3351662  0.332645  ]\n",
      " [0.33195557 0.33556944 0.33247499]\n",
      " [0.33012506 0.33742962 0.33244532]\n",
      " [0.33325026 0.3338391  0.33291064]\n",
      " [0.33249812 0.33473697 0.33276491]]\n",
      "cost: \n",
      " 1.0957748848920916 \n",
      "\n",
      "-------------------------------------------\n",
      "itration # 42\n",
      "Actual output: \n",
      " [[0. 1. 0.]\n",
      " [0. 0. 1.]\n",
      " [0. 0. 1.]\n",
      " [0. 1. 0.]\n",
      " [1. 0. 0.]\n",
      " [1. 0. 0.]]\n",
      "Predicted output: \n",
      " [[0.33010229 0.33745781 0.3324399 ]\n",
      " [0.33219105 0.33516225 0.3326467 ]\n",
      " [0.33195308 0.33557081 0.33247611]\n",
      " [0.33010229 0.33745781 0.3324399 ]\n",
      " [0.33326758 0.33381674 0.33291569]\n",
      " [0.33250531 0.33472716 0.33276753]]\n",
      "cost: \n",
      " 1.095733364677291 \n",
      "\n",
      "-------------------------------------------\n",
      "itration # 43\n",
      "Actual output: \n",
      " [[0. 1. 0.]\n",
      " [0. 0. 1.]\n",
      " [0. 0. 1.]\n",
      " [0. 1. 0.]\n",
      " [1. 0. 0.]\n",
      " [1. 0. 0.]]\n",
      "Predicted output: \n",
      " [[0.33007923 0.33748635 0.33243442]\n",
      " [0.33219335 0.33515825 0.3326484 ]\n",
      " [0.33195055 0.33557223 0.33247722]\n",
      " [0.33007923 0.33748635 0.33243442]\n",
      " [0.33328515 0.33379406 0.33292079]\n",
      " [0.33251261 0.33471721 0.33277018]]\n",
      "cost: \n",
      " 1.0956913101424153 \n",
      "\n",
      "-------------------------------------------\n",
      "itration # 44\n",
      "Actual output: \n",
      " [[0. 1. 0.]\n",
      " [0. 0. 1.]\n",
      " [0. 0. 1.]\n",
      " [0. 1. 0.]\n",
      " [1. 0. 0.]\n",
      " [1. 0. 0.]]\n",
      "Predicted output: \n",
      " [[0.33005587 0.33751526 0.33242887]\n",
      " [0.33219568 0.33515419 0.33265012]\n",
      " [0.33194799 0.33557369 0.33247832]\n",
      " [0.33005587 0.33751526 0.33242887]\n",
      " [0.33330298 0.33377106 0.33292596]\n",
      " [0.33252003 0.33470711 0.33277286]]\n",
      "cost: \n",
      " 1.0956487101051793 \n",
      "\n",
      "-------------------------------------------\n",
      "itration # 45\n",
      "Actual output: \n",
      " [[0. 1. 0.]\n",
      " [0. 0. 1.]\n",
      " [0. 0. 1.]\n",
      " [0. 1. 0.]\n",
      " [1. 0. 0.]\n",
      " [1. 0. 0.]]\n",
      "Predicted output: \n",
      " [[0.33003221 0.33754454 0.33242325]\n",
      " [0.33219806 0.33515008 0.33265185]\n",
      " [0.33194539 0.33557519 0.33247942]\n",
      " [0.33003221 0.33754454 0.33242325]\n",
      " [0.33332108 0.33374773 0.33293119]\n",
      " [0.33252757 0.33469686 0.33277557]]\n",
      "cost: \n",
      " 1.095605553108917 \n",
      "\n",
      "-------------------------------------------\n",
      "itration # 46\n",
      "Actual output: \n",
      " [[0. 1. 0.]\n",
      " [0. 0. 1.]\n",
      " [0. 0. 1.]\n",
      " [0. 1. 0.]\n",
      " [1. 0. 0.]\n",
      " [1. 0. 0.]]\n",
      "Predicted output: \n",
      " [[0.33000823 0.33757419 0.33241757]\n",
      " [0.33220048 0.33514592 0.3326536 ]\n",
      " [0.33194276 0.33557674 0.3324805 ]\n",
      " [0.33000823 0.33757419 0.33241757]\n",
      " [0.33333945 0.33372406 0.33293649]\n",
      " [0.33253523 0.33468646 0.33277831]]\n",
      "cost: \n",
      " 1.095561827414281 \n",
      "\n",
      "-------------------------------------------\n",
      "itration # 47\n",
      "Actual output: \n",
      " [[0. 1. 0.]\n",
      " [0. 0. 1.]\n",
      " [0. 0. 1.]\n",
      " [0. 1. 0.]\n",
      " [1. 0. 0.]\n",
      " [1. 0. 0.]]\n",
      "Predicted output: \n",
      " [[0.32998394 0.33760423 0.33241183]\n",
      " [0.33220295 0.33514169 0.33265536]\n",
      " [0.33194009 0.33557833 0.33248158]\n",
      " [0.32998394 0.33760423 0.33241183]\n",
      " [0.3333581  0.33370004 0.33294186]\n",
      " [0.33254301 0.33467589 0.33278109]]\n",
      "cost: \n",
      " 1.0955175209906556 \n",
      "\n",
      "-------------------------------------------\n",
      "itration # 48\n",
      "Actual output: \n",
      " [[0. 1. 0.]\n",
      " [0. 0. 1.]\n",
      " [0. 0. 1.]\n",
      " [0. 1. 0.]\n",
      " [1. 0. 0.]\n",
      " [1. 0. 0.]]\n",
      "Predicted output: \n",
      " [[0.32995933 0.33763466 0.33240601]\n",
      " [0.33220546 0.33513741 0.33265713]\n",
      " [0.33193738 0.33557997 0.33248265]\n",
      " [0.32995933 0.33763466 0.33240601]\n",
      " [0.33337703 0.33367568 0.33294729]\n",
      " [0.33255093 0.33466517 0.3327839 ]]\n",
      "cost: \n",
      " 1.0954726215072639 \n",
      "\n",
      "-------------------------------------------\n",
      "itration # 49\n",
      "Actual output: \n",
      " [[0. 1. 0.]\n",
      " [0. 0. 1.]\n",
      " [0. 0. 1.]\n",
      " [0. 1. 0.]\n",
      " [1. 0. 0.]\n",
      " [1. 0. 0.]]\n",
      "Predicted output: \n",
      " [[0.32993438 0.33766549 0.33240012]\n",
      " [0.33220802 0.33513306 0.33265892]\n",
      " [0.33193464 0.33558165 0.33248371]\n",
      " [0.32993438 0.33766549 0.33240012]\n",
      " [0.33339626 0.33365094 0.3329528 ]\n",
      " [0.33255897 0.33465428 0.33278675]]\n",
      "cost: \n",
      " 1.0954271163239642 \n",
      "\n",
      "-------------------------------------------\n",
      "itration # 50\n",
      "Actual output: \n",
      " [[0. 1. 0.]\n",
      " [0. 0. 1.]\n",
      " [0. 0. 1.]\n",
      " [0. 1. 0.]\n",
      " [1. 0. 0.]\n",
      " [1. 0. 0.]]\n",
      "Predicted output: \n",
      " [[0.32990911 0.33769673 0.33239417]\n",
      " [0.33221063 0.33512865 0.33266072]\n",
      " [0.33193186 0.33558338 0.33248477]\n",
      " [0.32990911 0.33769673 0.33239417]\n",
      " [0.33341578 0.33362584 0.33295838]\n",
      " [0.33256714 0.33464322 0.33278963]]\n",
      "cost: \n",
      " 1.0953809924817124 \n",
      "\n",
      "-------------------------------------------\n",
      "itration # 51\n",
      "Actual output: \n",
      " [[0. 1. 0.]\n",
      " [0. 0. 1.]\n",
      " [0. 0. 1.]\n",
      " [0. 1. 0.]\n",
      " [1. 0. 0.]\n",
      " [1. 0. 0.]]\n",
      "Predicted output: \n",
      " [[0.32988349 0.33772838 0.33238814]\n",
      " [0.33221329 0.33512417 0.33266254]\n",
      " [0.33192903 0.33558515 0.33248582]\n",
      " [0.32988349 0.33772838 0.33238814]\n",
      " [0.33343561 0.33360036 0.33296403]\n",
      " [0.33257546 0.33463199 0.33279255]]\n",
      "cost: \n",
      " 1.09533423669269 \n",
      "\n",
      "-------------------------------------------\n",
      "itration # 52\n",
      "Actual output: \n",
      " [[0. 1. 0.]\n",
      " [0. 0. 1.]\n",
      " [0. 0. 1.]\n",
      " [0. 1. 0.]\n",
      " [1. 0. 0.]\n",
      " [1. 0. 0.]]\n",
      "Predicted output: \n",
      " [[0.32985752 0.33776045 0.33238203]\n",
      " [0.332216   0.33511962 0.33266438]\n",
      " [0.33192617 0.33558697 0.33248686]\n",
      " [0.32985752 0.33776045 0.33238203]\n",
      " [0.33345575 0.3335745  0.33296975]\n",
      " [0.33258391 0.33462058 0.33279551]]\n",
      "cost: \n",
      " 1.095286835330071 \n",
      "\n",
      "-------------------------------------------\n",
      "itration # 53\n",
      "Actual output: \n",
      " [[0. 1. 0.]\n",
      " [0. 0. 1.]\n",
      " [0. 0. 1.]\n",
      " [0. 1. 0.]\n",
      " [1. 0. 0.]\n",
      " [1. 0. 0.]]\n",
      "Predicted output: \n",
      " [[0.32983119 0.33779296 0.33237585]\n",
      " [0.33221876 0.33511501 0.33266623]\n",
      " [0.33192327 0.33558884 0.33248789]\n",
      " [0.32983119 0.33779296 0.33237585]\n",
      " [0.33347621 0.33354823 0.33297556]\n",
      " [0.33259251 0.33460899 0.33279851]]\n",
      "cost: \n",
      " 1.095238774417425 \n",
      "\n",
      "-------------------------------------------\n",
      "itration # 54\n",
      "Actual output: \n",
      " [[0. 1. 0.]\n",
      " [0. 0. 1.]\n",
      " [0. 0. 1.]\n",
      " [0. 1. 0.]\n",
      " [1. 0. 0.]\n",
      " [1. 0. 0.]]\n",
      "Predicted output: \n",
      " [[0.3298045  0.33782591 0.33236959]\n",
      " [0.33222158 0.33511032 0.3326681 ]\n",
      " [0.33192033 0.33559076 0.33248891]\n",
      " [0.3298045  0.33782591 0.33236959]\n",
      " [0.333497   0.33352156 0.33298144]\n",
      " [0.33260125 0.3345972  0.33280154]]\n",
      "cost: \n",
      " 1.0951900396177288 \n",
      "\n",
      "-------------------------------------------\n",
      "itration # 55\n",
      "Actual output: \n",
